0.5420877
0.5789552
0.4826566
0.3686537
0.4560366
0.1511142
-1.404804
-0.4599654
-0.479983
0.2274579
0.4782227
0.09595021
-0.215462
-0.1329703
-0.7348388
0.2550541
0.0595801
-0.2766273
0.02039233
-0.6714128
-0.1098227
0.1907122
-1.067877
-0.2167643
-0.1643487
-0.1592894
-0.2689084
-0.3988166
0.2594619
-0.2459306
-0.2468943
-0.3561472
-0.6822239
-0.08431506
-0.4177372
-0.3595805
0.6000796
-0.8827477
0.03202979
0.08910238
-0.1159623
0.1711298
-0.268149
-0.8443389
0.1320962
-0.3635294
-1.782937
-1.142775
-1.191541
-1.603511
-0.5335987
