108.9297 1.105076 356.2138 132.5 0.07809973 368.56 10 0 1
123.0069 1 368.7394 132.4951 0.07809925 369.2065 10 0 2
132.1765 0.9999803 376.7002 129.2645 0.07809925 374.6659 9 1 3
131.3409 1 377.1214 130.2571 0.07809925 375.3757 8 1 5
128.2695 1 378.8209 130.2491 0.07809925 375.4108 8 1 2
125.7124 1 377.8556 128.1005 0.07809925 376.9424 8 1 3
122.2761 1 373.8945 125.1945 0.07809925 376.4876 8 0 2
115.7023 1 373.4356 116.9418 0.07809925 370.4317 7 1 3
115.8208 1 375.6632 116.458 0.07809925 371.8114 7 1 2
116.2068 1 377.8824 116.2674 0.07809925 374.4308 7 0 3
116.6034 1 380.1334 116.2447 0.07809925 376.171 6 1 2
118.2668 1 381.2718 116.783 0.07809925 378.3668 6 1 3
116.2475 1 382.8604 115.5671 0.08031702 385.6582 4 1 3
118.126 1 380.6766 116.182 0.07809925 384.0681 4 1 2
118.8967 1 379.7877 117.2497 0.07809925 382.3591 4 0 3
115.8196 1 377.7688 117.3715 0.07809925 381.3685 4 0 2
117.8783 1 377.0122 116.9709 0.07809925 379.3911 3 1 4
118.827 1 376.9659 117.0212 0.07809925 379.2861 3 1 5
120.4443 1 377.0581 117.1328 0.07809925 379.1227 3 1 2
123.3034 1 376.1629 120.2414 0.07809925 378.0088 3 1 3
127.9321 1 375.3281 124.0957 0.07809925 376.0947 3 1 2
128.7776 1 375.3574 125.1693 0.07809925 375.9089 3 1 3
133.7 1 375.3356 129.7752 0.07809925 375.339 3 0 2
124.8967 1 363.9743 131.7583 0.07809925 371.3504 3 0 1
125.5369 1 366.401 128.2629 0.07809925 375.6954 3 0 2
129.6637 1 371.6698 129.0529 0.07809925 373.9773 3 1 3
128.8568 1 368.7284 129.1825 0.07809925 372.6103 2 1 2
126.5544 1 367.6455 128.1672 0.07809925 370.1416 2 1 3
125.3607 1 365.7191 127.4716 0.07809925 368.9904 2 1 2
125.3642 1 364.2797 125.7055 0.07809925 366.4951 1 1 5
128.4772 1 373.3952 128.3318 0.07809925 371.0392 1 1 5
124.4426 1 372.3113 128.1769 0.07809925 371.1828 1 0 2
108.9297 1.105076 356.2138 132.5 0.07809973 368.56 10 0 1
125.1582 1 368.7372 132.9103 0.07926226 374.8856 10 0 2
119.4597 1 375.9713 122.4064 0.07809925 377.369 10 0 3
128.8288 1 373.2181 126.3054 0.07809925 370.2205 10 0 2
128.7533 1 385.9974 128.7755 0.08395481 383.1166 10 0 3
129.6425 1 388.9452 129.0027 0.08860159 385.061 10 0 2
126.3456 1 390.2935 123.5564 0.08416605 389.8156 10 0 3
130.1871 1 394.8534 128.597 0.1041884 393.0588 9 1 5
125.3648 1 395.6227 127.366 0.1035738 394.3191 8 1 3
124.4872 1 397.6662 127.118 0.1034298 394.5637 8 1 2
122.7004 1 399.186 124.5734 0.10181 397.6432 8 1 5
120.8975 1 396.1038 124.4906 0.1015992 397.6644 8 1 2
120.6157 1 395.1847 122.6692 0.0959177 396.5797 7 1 5
118.8607 1 397.8414 122.5092 0.09527731 396.4738 7 1 2
118.1647 1 399.9961 119.888 0.09382248 398.3087 7 1 3
125.1524 1 401.9108 121.4024 0.1107287 400.7538 6 1 2
131.3033 1 393.2471 128.7398 0.1081972 394.8024 6 1 5
133.0631 1 394.6192 129.0124 0.1085415 394.6232 6 1 2
134.8661 1 396.9717 131.7555 0.1175151 395.4639 6 1 3
136.5429 1 398.6676 133.3609 0.123528 396.3214 6 1 2
126.9884 1 410.5206 132.5025 0.1386137 402.2115 6 0 1
126.9884 1 410.5206 132.4898 0.1387029 402.2305 6 0 2
126.888 1 410.7336 132.476 0.1388006 402.2514 6 0 1
126.3706 1 395.9699 130.4855 0.0970149 387.2269 6 0 2
129.0589 1 393.3459 129.1621 0.09826136 389.498 6 0 3
129.6136 1 394.7923 129.3027 0.1014924 390.8723 5 1 2
135.849 1 403.3368 130.5854 0.113162 394.8531 5 1 1
131.5855 1 394.1027 130.3817 0.09056616 384.2606 5 0 2
130.2106 1 387.5349 130.3408 0.09294367 385.4549 4 1 3
129.6137 1 389.7831 130.2274 0.09350538 385.8678 4 1 2
137.3211 1 402.0698 132.7599 0.1154099 393.1833 4 0 1
129.7784 1 392.0844 130.229 0.08638096 382.4451 4 0 2
128.0625 1 386.9783 129.5255 0.08720303 383.7276 4 0 3
128.2355 1 386.5814 129.233 0.08776093 384.366 3 1 4
126.8597 1 388.4862 128.8667 0.0881958 385.0377 3 1 2
122.3497 1 375.2197 125.0705 0.07809925 384.849 3 1 1
121.4467 1 371.6025 129.8809 0.07809925 376.7067 3 0 2
112.8467 1 377.0785 122.2718 0.07809925 373.7149 3 1 1
112.8467 1 377.0785 122.2125 0.07809925 373.736 3 1 2
112.6477 1 377.2044 122.1799 0.07809925 373.7476 3 1 1
117.3868 1 377.43 126.8719 0.07809925 374.4257 3 0 2
116.9806 1 374.375 118.4157 0.07809925 376.2002 2 1 5
120.5157 1 372.8051 118.4158 0.07809925 376.1263 2 1 2
123.0838 1 373.5556 120.7157 0.07809925 374.4413 2 0 5
124.0586 1 376.7963 120.9605 0.07809925 374.3989 1 1 2
125.9583 1 388.8419 135.9364 0.1171541 390.0047 1 0 1
120.9621 1 386.756 130.3452 0.08899975 383.5548 1 0 2
108.9297 1.105076 356.2138 132.5 0.07809973 368.56 10 0 1
108.9297 1.105076 356.2138 132.5 0.07809973 368.56 10 0 1
125.8211 1 368.3819 132.4422 0.07809925 375.5172 10 0 2
148.179 1 374.2278 138.2002 0.08877611 374.0221 9.9 1 1
145.3912 1 376.8447 135.9495 0.08341026 373.7879 9.9 0 2
145.3912 1 376.8447 135.9141 0.08324575 373.7538 9.9 0 1
144.9155 1 376.7505 135.8626 0.08300304 373.7032 9.9 0 2
144.4025 1 377.9751 142.5018 0.08600187 376.406 9.799999 1 5
137.431 1 378.0617 141.2087 0.09603882 376.9838 9.799999 1 2
135.393 1 378.8529 138.1468 0.09789753 377.9654 9.799999 1 3
134.5037 1 379.1588 136.7531 0.09500694 378.3392 9.699999 1 5
137.7021 1 373.1248 136.6776 0.09178305 376.8868 9.699999 1 2
140.7929 1 387.948 142.3548 0.1007924 378.0808 9.699999 0 1
136.6419 1 384.3058 138.239 0.09211445 375.0719 9.699999 0 2
136.5595 1 379.2065 137.1266 0.08999777 375.4616 9.699999 0 3
135.5654 1 380.7933 136.8335 0.09245586 377.0128 9.599998 1 2
134.5215 1 384.131 136.4223 0.1027265 382.4656 9.599998 1 5
132.701 1 380.4194 135.9041 0.101932 382.7389 9.599998 1 2
132.2165 1 380.8364 134.3884 0.09575224 381.6864 9.499998 1 5
132.7559 1 383.3881 134.3528 0.09567308 381.6935 9.499998 1 3
133.0227 1 386.4661 133.3962 0.0981741 384.1031 9.399998 1 5
129.0538 1 382.7182 132.7428 0.09653139 384.1411 9.399998 1 2
122.9704 1 378.7832 124.7042 0.07809925 380.4595 9.399998 1 5
126.2168 1 376.7566 124.6678 0.07809925 380.3704 9.299997 1 2
127.6904 1 376.4613 125.9147 0.07809925 378.5051 9.299997 1 3
120.9039 1 373.6521 124.0578 0.07809925 375.986 9.299997 1 2
115.0434 1 367.1572 122.0648 0.07809925 374.2513 9.299997 0 1
115.0434 1 367.1572 122.0387 0.07809925 374.2248 9.299997 0 2
114.8659 1 367.0026 122.0083 0.07809925 374.1941 9.299997 0 1
120.7607 1 371.2131 130.4439 0.07809925 372.2219 9.299997 0 2
127.0374 1 372.7869 129.1394 0.07809925 372.2549 9.199997 1 3
124.7767 1 372.7219 128.7159 0.07809925 372.3199 9.199997 1 2
121.0889 1 374.933 124.1326 0.07809925 373.7028 9.199997 1 3
119.286 1 374.6714 123.1949 0.07809925 374.0176 9.199997 0 2
117.7414 1 373.5433 120.2046 0.07809925 374.3341 9.099997 1 5
118.9315 1 370.4674 119.9861 0.07809925 374.2553 9.099997 1 2
121.0275 1 369.3076 120.1899 0.07809925 371.6093 9.099997 1 3
114.807 1 369.9526 118.681 0.07809925 370.8496 9.099997 0 2
114.2102 1 370.2165 117.3832 0.07809925 370.6236 9.099997 0 3
112.2657 1 369.3063 116.0255 0.07809925 370.3686 8.999996 1 2
115.3933 1 384.1364 112.985 0.138773 374.2014 8.999996 1 1
125.4572 1 378.3744 133.0981 0.07809925 372.1198 8.999996 0 2
128.642 1 375.7984 131.5217 0.07809925 373.763 8.999996 0 3
125.9611 1 379.7916 128.4522 0.07809925 376.6013 8.999996 0 2
118.5713 1 392.8572 123.25 0.07809925 383.908 8.999996 0 1
128.9525 1 377.8859 136.1836 0.07843065 371.1013 8.999996 0 2
126.2084 1 393.7031 127.7977 0.09607744 390.174 8.999996 0 3
125.0834 1 394.5666 127.2854 0.09710121 391.3139 8.899996 1 2
121.3558 1 403.3096 122.8381 0.1156092 401.1608 8.899996 0 5
118.972 1 399.8496 122.6587 0.1159701 401.2763 8.799995 1 2
119.3943 1 397.4762 120.7141 0.1021338 399.4863 8.799995 1 3
118.998 1 395.0296 120.3404 0.09694767 398.7089 8.799995 1 2
117.3219 1 383.6568 119.0137 0.0800066 393.5604 8.799995 0 1
117.8145 1 379.8372 121.1351 0.07809925 388.9392 8.799995 0 2
113.9135 1 380.3477 116.5257 0.07809925 380.8516 8.799995 0 5
113.3868 1 384.0303 115.688 0.07809925 380.7643 8.799995 0 2
114.7321 1 386.0006 114.6526 0.1010199 382.7052 8.799995 0 3
115.0163 1 388.1656 114.674 0.100534 384.2246 8.699995 1 2
118.9645 1 392.3749 116.4782 0.07809925 389.7404 8.699995 1 3
119.7417 1 394.2043 117.5906 0.07809925 390.9512 8.699995 0 2
120.1436 1 395.1967 118.8615 0.07864809 393.1006 8.699995 1 3
120.3 1 397.3191 119.0942 0.0803299 393.6139 8.599995 1 2
120.5624 1 400.1794 119.9951 0.08971167 397.507 8.599995 1 3
118.3668 1 402.6181 120.0253 0.1051478 400.2094 8.599995 0 5
113.1506 1 399.9946 116.994 0.104095 400.936 8.499994 1 2
110.742 1 388.0616 113.1 0.1347671 397.7537 8.499994 1 1
112.6956 1 381.4079 120.5207 0.07809925 387.5229 8.499994 0 2
114.628 1 385.3279 117.7108 0.07809925 385.7572 8.499994 0 3
112.8806 1 384.143 116.5907 0.07809925 385.5175 8.399994 1 2
110.5565 1 386.1576 112.3504 0.1431675 384.9967 8.399994 1 3
111.5302 1 392.3079 110.7228 0.1565433 388.4671 8.399994 0 2
120.7741 1 396.6322 112.4906 0.1298256 390.7951 8.399994 0 1
127.7516 1 391.8789 122.1876 0.07809925 383.8943 8.399994 0 2
126.6355 1 390.1708 125.3843 0.08359861 387.2318 8.299994 1 3
126.7211 1 391.8678 125.6871 0.08614349 388.0714 8.299994 1 2
128.8246 1 391.7502 126.4331 0.09130383 389.6069 8.299994 1 3
131.9917 1 389.5987 128.1122 0.09653234 389.9947 8.299994 0 2
133.3224 1 390.4938 130.2483 0.1020913 389.9641 8.299994 0 3
129.9774 1 386.4752 130.0574 0.1024904 390.3972 8.199993 1 2
129.913 1 386.283 130.0337 0.1004543 389.4498 8.199993 1 3
130.4043 1 384.3831 130.0199 0.098001 388.2892 8.099993 1 2
129.0242 1 383.1877 130.1293 0.09215784 385.3447 8.099993 1 3
125.9782 1 387.285 129.5612 0.09132195 385.6607 7.899993 1 2
125.3882 1 387.1746 127.7238 0.08775902 386.2726 7.899993 1 3
123.1337 1 386.608 127.1114 0.08645868 386.422 7.899993 1 2
122.6735 1 386.5031 126.1251 0.0839529 386.4652 7.899993 1 3
122.1315 1 381.1614 123.2495 0.07809925 384.8951 7.799993 1 2
122.1614 1 380.2894 122.8268 0.07809925 382.6017 7.799993 1 3
125.1825 1 376.781 123.1651 0.07809925 380.4456 7.799993 1 2
130.2723 1 370.1313 124.5503 0.07809925 378.4257 7.799993 0 1
118.195 1 364.5765 131.7195 0.07809925 373.8483 7.799993 0 5
118.1715 1 364.6214 131.8901 0.07809925 373.7462 7.799993 0 1
127.4423 1 370.0482 137.2716 0.08430529 370.7657 7.799993 0 2
132.0902 1 371.5191 135.0642 0.1364493 370.919 7.799993 0 3
130.2 1 370.8572 134.1428 0.1058974 371.0189 7.699993 1 2
122.8252 1 385.8748 125.1739 0.07809925 376.0925 7.699993 0 1
129.7299 1 385.5011 136.0314 0.09233332 377.9678 7.699993 0 2
136.517 1 399.2764 135.3504 0.1299777 397.0418 7.499993 1 5
133.7962 1 400.8629 135.3875 0.1301203 397.175 7.499993 1 2
130.5699 1 397.2366 132.5089 0.123107 398.8539 7.399993 1 5
133.5821 1 394.8708 132.3252 0.122539 398.5999 7.399993 1 2
129.3804 1 385.7142 129.0691 0.09512806 388.1112 7.299994 1 5
132.7572 1 392.1453 130.7453 0.1006455 388.6422 7.299994 1 2
133.7726 1 400.5736 131.5163 0.1071815 390.8057 7.299994 1 1
134.4911 1 383.6331 136.4216 0.08511066 374.0073 7.299994 0 2
136.0486 1 380.1464 136.1542 0.08912897 376.2728 7.299994 0 3
132.308 1 380.2231 135.1136 0.09418964 380.0194 7.199994 1 5
131.0822 1 378.4077 134.936 0.09379673 380.0552 7.199994 1 2
126.3527 1 368.8569 131.3026 0.0792594 377.6686 7.199994 1 1
122.643 1 371.1387 131.4193 0.09036827 375.3916 7.199994 0 2
116.9508 1 368.4774 125.7305 0.07809925 373.5861 7.199994 0 1
126.6232 1 374.8708 134.7437 0.09404421 380.4171 7.199994 0 2
121.3069 1 372.8894 130.2736 0.07809782 377.7112 7.199994 0 1
127.3685 1 376.7019 135.1219 0.09977102 382.6899 7.199994 0 2
124.1834 1 374.1842 132.3198 0.08782721 380.496 7.199994 0 1
123.9086 1 373.9712 129.5582 0.0837903 382.0496 7.199994 0 2
120.8417 1 371.3117 127.4531 0.07809925 378.7709 7.199994 0 1
124.8025 1 374.6422 132.6302 0.08855677 380.4538 7.199994 0 2
138.0324 1 388.1214 131.3756 0.08555794 380.6007 7.099994 0 1
135.8036 1 385.9217 131.6507 0.07946253 377.3264 7.099994 0 2
147.2866 1.102952 399.4064 144.5166 0.1548977 399.3726 6.999994 0 5
141.5085 1 402.4063 143.892 0.1537619 400.8711 6.899994 1 3
139.0361 1 402.1041 142.9171 0.1517882 401.3534 6.899994 1 2
127.7279 1 390.5533 129.9816 0.1077294 393.0076 6.899994 0 3
126.3689 1 385.2959 127.7277 0.09335232 388.9538 6.899994 0 2
126.4118 1 385.3801 127.2111 0.08914375 387.5859 6.799994 1 5
130.5588 1 392.3979 129.3826 0.09709835 388.6608 6.799994 1 2
127.4657 1 395.1118 129.1178 0.1069202 393.7122 6.699994 1 5
125.6355 1 391.7506 129.0806 0.1068039 393.703 6.699994 1 2
124.1871 1 380.3517 126.5575 0.09254885 390.0467 6.699994 1 1
121.5915 1 375.0568 129.9033 0.07954454 379.5742 6.699994 0 2
129.5127 1 399.4984 129.459 0.1091704 394.3607 6.699994 0 5
129.002 1 399.454 129.4669 0.1094127 394.4671 6.699994 0 2
117.2351 1 398.7372 124.1781 0.1006269 397.2199 6.699994 0 5
116.6163 0.9999842 398.7736 124.0008 0.100173 397.2587 6.699994 0 2
109.9644 1 390.3665 117.4291 0.08281755 397.0969 6.699994 0 1
114.5697 1 380.4543 122.41 0.07809925 386.3281 6.699994 0 2
116.1391 1 385.6821 119.9014 0.07809925 384.9826 6.699994 0 3
115.4522 1 387.8882 118.5331 0.07809925 385.4909 6.599994 1 2
133.5744 1 408.0713 130.5539 0.1614351 406.9082 6.599994 0 5
127.3698 1 408.7327 129.7506 0.1614351 408.5099 6.499994 1 3
125.3403 1 406.6712 128.9243 0.1614351 408.3489 6.499994 1 2
128.9705 1 403.2413 127.4265 0.1475248 405.2585 6.499994 0 5
131.5633 1 404.8535 127.5749 0.1470203 405.1275 6.499994 0 2
143.9497 1 417.573 142.8953 0.1849885 415.7239 6.299994 1 5
139.5734 1 418.3109 142.7773 0.1854849 415.894 6.299994 1 2
137.9888 1 416.5729 141.2372 0.1833591 416.5291 6.299994 1 3
138.2596 1 412.1262 139.8769 0.1740303 415.7177 6.299994 0 2
138.6034 1 409.8114 138.5338 0.1614351 412.3969 6.299994 1 5
140.0011 1 408.6833 138.5392 0.1614351 412.3379 6.299994 1 2
135.3142 1 394.171 138.4964 0.1586857 403.8585 6.299994 0 1
129.8546 1 388.281 135.1783 0.1289339 396.62 6.299994 0 2
127.7106 1 390.7027 126.7493 0.08931303 388.2509 6.099995 1 5
130.8122 1 387.2765 127.0585 0.09051514 388.4366 6.099995 1 2
130.5229 1 386.5772 128.1552 0.09246874 387.9887 6.099995 1 3
129.4197 1 383.4821 128.5004 0.09208632 387.3687 6.099995 1 2
124.0222 1 375.6083 128.7736 0.08659458 384.3863 6.099995 0 1
122.2413 1 372.3477 130.5311 0.07809877 377.7539 6.099995 0 2
125.6791 1 375.4121 129.1451 0.07809925 376.9434 6.099995 0 3
123.9174 1 377.2442 127.8114 0.07809925 376.669 5.999995 1 2
118.7498 1 387.1311 117.0535 0.07809925 382.3155 5.899995 1 5
119.5049 1 387.7888 117.1256 0.07809925 382.5387 5.899995 1 2
133.1673 1 399.8929 132.2639 0.1218543 397.0473 5.799995 0 5
129.4418 1 400.6889 132.4262 0.1225643 397.8862 5.799995 0 2
120.5459 1 393.854 129.1342 0.1154971 399.2574 5.799995 0 1
121.0624 1 384.4766 130.3806 0.08414364 381.1793 5.799995 0 2
116.795 1 371.7784 123.7316 0.07809925 379.008 5.699995 1 1
132.3455 1 380.7132 136.2216 0.1176157 389.866 5.699995 0 2
127.1312 1 379.4131 128.9123 0.08383274 382.8848 5.599995 0 5
126.8152 1 378.7043 128.8226 0.08323431 382.711 5.599995 0 2
125.2712 1 373.3821 126.3872 0.07809925 377.0309 5.599995 0 3
122.5734 1 370.8973 124.9125 0.07809925 373.4526 5.499995 1 5
122.0614 1 370.6153 124.8558 0.07809925 373.3788 5.499995 1 2
113.3334 1 354.3141 119.8836 0.07809925 361.9458 5.399995 1 1
115.2434 1 360.0311 121.8561 0.07809925 367.1332 5.399995 0 2
115.4154 1 352.7136 118.4561 0.07809925 362.2651 5.299995 1 1
117.3871 1 355.4696 120.1257 0.07809925 364.7567 5.299995 0 2
123.5143 1 360.7791 121.2251 0.07809925 363.7734 5.299995 0 3
125.7083 1 366.7404 122.7195 0.07809925 364.2001 5.199996 1 2
132.8741 1 372.9692 125.3736 0.07809925 366.3927 5.199996 1 1
138.4872 1 377.7761 128.6115 0.07809925 376.6967 5.199996 0 2
144.1983 1 375.8942 141.7663 0.0972271 377.1232 5.099996 0 5
145.6013 1 379.5009 142.715 0.0878315 376.883 5.099996 0 2
145.2758 1 381.6312 144.133 0.08588266 378.5878 5.099996 0 3
144.853 1 383.9466 144.5745 0.09395266 380.0211 4.999996 1 2
144.5539 1 394.7101 145.0331 0.122756 384.4496 4.999996 1 1
143.7408 1 396.6727 142.8422 0.1290007 386.9641 4.999996 1 2
143.6746 1 396.6039 143.6438 0.1463299 394.2721 4.899996 1 5
140.1111 1 396.1065 143.6185 0.1463265 394.3024 4.899996 1 2
138.3331 0.9999999 393.9683 140.5993 0.13867 394.4425 4.799996 1 5
142.0522 1 390.2967 140.6202 0.1376686 393.9353 4.799996 1 2
146.7106 1 392.2045 143.4792 0.1411953 392.015 4.799996 1 3
148.9947 1 393.9383 145.4002 0.1469717 392.361 4.799996 0 2
149.7139 1.203027 396.3957 148.4497 0.1553416 394.1775 4.799996 0 5
146.7637 1.288245 398.1985 148.7602 0.1577597 394.8706 4.799996 0 2
144.2803 1 398.6321 146.4534 0.1592908 397.2882 4.799996 0 5
145.8378 1 401.5439 146.1679 0.158546 397.551 4.699996 1 2
148.9815 1 416.9432 148.3918 0.1614351 414.5038 4.699996 0 5
151.8822 1 416.8937 148.4411 0.1614351 414.7681 4.599996 1 2
154.3934 1 414.3615 150.5669 0.1614351 415.1668 4.599996 1 3
152.436 1 420.4711 152.8429 0.1614351 416.5579 4.599996 1 2
133.9509 1 410.3004 136.2641 0.1614351 413.3878 4.599996 0 3
133.4397 1 407.2423 134.7793 0.1614351 410.9183 4.599996 0 2
129.1772 1 397.7592 133.4144 0.1614342 406.7919 4.599996 0 1
132.497 1 394.5238 133.304 0.1517019 404.2152 4.599996 0 2
142.7813 1 396.1487 134.418 0.1383843 401.5988 4.599996 0 1
147.6295 1.220361 397.2134 139.5296 0.1310787 392.1491 4.599996 0 2
151.1525 1.194309 408.0116 146.9216 0.1610694 398.9007 4.499996 1 1
143.6115 1 393.1268 151.5194 0.07809925 387.3066 4.499996 0 2
147.3702 1 391.5548 149.8451 0.1108518 388.8684 4.499996 0 3
145.9813 1 392.1497 149.087 0.1287928 389.7149 4.399996 1 2
139.5381 1 394.0348 141.7583 0.1398926 393.5643 4.399996 1 5
139.5438 1 390.182 141.7263 0.1397719 393.5468 4.299996 1 2
130.6734 1 398.6615 137.2464 0.1228495 391.0836 4.299996 0 1
138.6968 1 393.8435 144.4541 0.1259308 385.8522 4.299996 0 2
137.9299 1 403.5168 139.8448 0.1351304 393.6966 4.199996 1 1
137.9299 1 403.5168 139.8346 0.1352139 393.7497 4.199996 1 2
137.8517 1 403.7389 139.8246 0.1352949 393.8012 4.199996 1 1
138.215 1 397.5989 143.3227 0.135077 389.2759 4.199996 0 2
137.0695 1 396.974 139.141 0.1376295 395.7862 4.099997 1 5
135.4542 1 393.9138 139.1057 0.1375313 395.7837 4.099997 1 2
126.9259 1 390.3764 129.6039 0.1019344 390.7035 4.099997 0 3
127.389 1 394.4308 129.3401 0.1018553 390.9991 3.999997 1 2
125.7266 1 399.2039 125.6513 0.1018634 395.6651 3.999997 1 3
125.7573 1 400.9906 125.7601 0.1047254 397.0263 3.899997 1 2
126.0506 1 403.7536 125.7598 0.1145282 400.101 3.899997 1 3
125.1969 1 405.1211 125.8146 0.1213264 401.2501 3.899997 1 2
125.2102 1 410.0847 125.4604 0.1573586 407.5338 3.899997 0 5
123.4331 1 408.3698 125.1993 0.1594572 407.9704 3.799997 1 3
123.781 1 403.6962 124.9553 0.1560154 407.4532 3.799997 1 2
122.8677 1 401.3521 123.7493 0.1318293 403.6685 3.699997 1 5
119.8132 1 402.1552 123.6217 0.1304345 403.4676 3.699997 1 2
119.1124 1 403.3247 121.8564 0.1253705 403.1278 3.699997 1 3
117.5876 1 405.6193 120.8289 0.1253567 403.4329 3.699997 1 2
117.6859 1.00365 412.7926 117.5053 0.1575108 409.9397 3.699997 0 5
118.2562 1.024044 414.5039 117.5216 0.1598034 410.3279 3.699997 0 2
126.5388 1.762808 424.3655 120.5462 0.2214899 416.0658 3.699997 0 1
136.4601 1 411.7804 126.6896 0.1614351 410.2224 3.699997 0 2
141.0512 1 410.3972 139.0472 0.1614351 410.9879 3.499997 1 5
140.0904 1 407.1443 139.0692 0.1614351 410.9516 3.499997 1 2
125.4908 1 400.2915 134.839 0.1542048 404.185 3.499997 0 1
127.958 1 395.8005 137.7646 0.1364145 397.244 3.499997 0 2
126.0263 1 395.2261 128.2032 0.1080923 395.4305 3.399997 1 5
127.5141 1 392.5115 128.2032 0.1080923 395.4305 3.299997 1 4
128.2513 1 391.3363 128.1802 0.107811 395.3244 3.299997 1 2
130.2434 1 391.0617 128.5318 0.1058578 393.9423 3.299997 1 3
126.5808 1 389.6959 128.8863 0.1047187 392.9478 3.299997 1 2
118.4801 1 385.6584 127.0196 0.0956912 390.9717 3.299997 0 1
120.1862 1 383.933 128.9854 0.09567356 388.4787 3.299997 0 2
121.1103 1 373.066 120.5418 0.07809925 383.3281 3.199997 1 1
128.2191 1 373.2301 124.3182 0.07809925 382.3763 3.199997 0 2
128.5036 1 378.1348 126.5736 0.07809925 379.6788 3.099998 1 5
130.522 1 380.1786 126.6603 0.07809925 379.6545 3.099998 1 2
142.5849 1 390.2457 134.5806 0.1014795 384.193 3.099998 0 1
145.0987 1 393.6244 145.4757 0.1193943 383.8798 3.099998 0 2
145.7958 1 388.5566 146.2923 0.1193323 384.972 3.099998 0 3
144.002 1 389.4926 145.9739 0.1287947 386.0986 2.999998 1 2
146.5116 1.002271 397.4475 143.868 0.1522927 396.852 2.899998 1 3
149.0603 1.162367 395.9807 145.2219 0.1559076 396.8766 2.899998 1 2
147.5777 1 393.8744 146.6972 0.1581903 396.1068 2.899998 1 5
143.4369 1 393.6422 146.615 0.1575871 395.9211 2.899998 0 2
139.6885 1 394.6165 142.3731 0.144886 395.1851 2.899998 0 5
140.9304 1 390.8179 141.3407 0.1411715 394.707 2.899998 0 2
142.5297 1 389.5214 141.8627 0.1367288 391.9135 2.799998 1 5
138.4402 1 389.636 141.8016 0.1363482 391.8079 2.799998 1 2
129.7229 1 401.1085 136.2288 0.1251073 393.4547 2.799998 1 1
135.4912 1 394.9031 142.5295 0.1301446 387.9084 2.799998 0 2
139.8699 1 389.3469 141.8867 0.129457 388.3909 2.699998 1 5
139.2736 1 385.3588 141.811 0.1291399 388.3344 2.699998 1 2
139.705 1 383.8969 140.6536 0.1214943 386.1263 2.699998 1 5
136.6654 1 385.7816 140.5766 0.1212106 386.0874 2.699998 1 2
135.3944 1 385.9597 137.8227 0.1141987 386.2017 2.599998 1 5
134.9449 1 383.0715 137.7619 0.1139956 386.1812 2.599998 1 2
136.6854 1 379.2941 136.7153 0.1018176 381.6593 2.599998 1 3
134.3299 1 384.1519 136.0971 0.09775877 380.49 2.499998 1 2
127.5016 1 392.4602 133.2168 0.09807444 384.2825 2.499998 1 1
127.5016 1 392.4602 133.1884 0.0980835 384.3227 2.499998 1 2
127.4028 1 392.6729 133.1587 0.09809303 384.3653 2.499998 1 1
140.8746 1 389.2175 149.5117 0.07809925 384.4219 2.499998 0 2
146.8755 1 389.8103 149.296 0.104413 387.4606 2.499998 0 3
146.0601 1 390.8779 148.935 0.1162987 388.211 2.399998 1 2
143.4944 1 394.1411 145.975 0.1440067 391.435 2.399998 1 3
141.6729 1 394.8844 144.8612 0.1460381 392.5935 2.399998 1 2
139.2602 1 395.2339 141.5625 0.1415009 394.5844 2.299998 1 5
138.8616 1 391.5722 141.5191 0.1413431 394.5634 2.299998 1 2
139.7653 1 389.1829 140.58 0.1347399 392.5795 2.299998 1 3
132.4537 1 392.9101 135.9503 0.1193848 391.0584 2.299998 0 2
130.6833 1 392.749 132.8305 0.1141162 392.4728 2.199998 1 5
131.4809 1 388.6505 132.8233 0.1140633 392.4564 2.199998 1 2
143.5308 1 386.9119 133.4573 0.104207 386.9246 2.199998 1 1
150.7116 1.502868 404.3211 150.5751 0.08443689 387.103 2.199998 0 5
151.5338 1.621031 403.6963 150.6749 0.08112049 386.8922 2.199998 0 1
162.8214 0.9999967 394.7768 151.0194 0.1358275 393.046 2.199998 0 5
162.7538 0.9999964 394.174 151.1902 0.1348014 393.1689 2.199998 0 1
162.3055 1 390.128 153.6037 0.1196146 394.836 2.199998 0 2
148.1804 1 392.3582 152.787 0.1036024 392.0719 2.099998 1 5
146.9445 1 392.0939 152.5036 0.1074724 392.092 2.099998 1 2
137.4425 1 390.0059 147.3514 0.1462984 391.5527 2.099998 0 1
136.0611 1 389.7096 145.8309 0.1434436 391.3095 2.099998 0 2
137.9422 1 389.8336 141.414 0.1327505 390.5699 2.099998 0 3
136.8043 1 387.9849 140.1267 0.128437 390.1259 1.999998 1 2
132.7458 1 381.1989 133.9053 0.09813261 383.4397 1.899998 1 5
135.6162 1 379.7018 133.8631 0.09779072 383.3293 1.899998 1 2
137.8111 1 379.2758 135.1648 0.09771919 381.651 1.899998 1 3
133.9989 1 374.2862 135.8173 0.09129238 377.7386 1.899998 1 2
131.3966 1 374.84 133.6012 0.07964277 374.9484 1.799998 1 5
132.8833 1 370.9782 133.5627 0.07932091 374.8423 1.799998 1 2
133.5368 1 369.6061 133.4715 0.1357846 372.7939 1.799998 1 3
127.8929 1 368.5067 131.5447 0.07809925 369.913 1.799998 1 2
125.5551 1 369.2324 127.8508 0.07809925 369.7225 1.699998 1 5
126.2806 1 365.6566 127.8508 0.07809925 369.7225 1.699998 1 2
127.1988 1 363.5901 127.6171 0.07809925 366.9961 1.699998 1 3
119.6646 1 367.7846 122.8796 0.07809925 365.5772 1.699998 1 2
116.7888 1 366.539 119.5842 0.07809925 367.238 1.699998 0 5
115.3685 1 365.7081 119.2288 0.07809925 367.1505 1.699998 0 2
105.8113 1 361.706 115.1077 0.09072065 365.4037 1.699998 0 1
121.9607 1 370.3855 129.6828 0.07809925 376.5817 1.699998 0 2
126.1374 1 375.4753 128.3455 0.07809925 375.9915 1.599998 1 3
123.7917 1 379.2163 126.7718 0.07809925 376.6085 1.599998 1 2
108.9297 1.105076 356.2138 132.5 0.07809973 368.56 10 0 1
125.7914 1 373.4938 134.8889 0.0880847 377.373 10 0 2
129.4935 1 379.7479 121.7141 0.07809925 385.9959 10 0 1
127.8653 1 380.9839 120.1431 0.07809925 387.0539 10 0 2
130.1586 1 377.9948 121.2886 0.07809925 382.5625 10 0 1
129.5544 1 378.4604 120.3751 0.07809925 382.1475 10 0 2
108.9297 1.105076 356.2138 132.5 0.07809973 368.56 10 0 1
110.1944 1 358.0775 119.9715 0.07809925 357.1631 10 0 2
117.7231 1 364.8588 127.6805 0.07809925 363.8773 10 0 1
117.7231 1 364.8588 127.4057 0.07809925 362.6118 10 0 2
117.3037 1 365.0516 127.321 0.07809925 363.0653 10 0 1
117.6636 1 365.1183 126.8374 0.07809925 361.3708 10 0 2
108.9297 1.105076 356.2138 132.5 0.07809973 368.56 10 0 1
116.215 1 360.6081 124.9776 0.07809925 363.7958 10 0 2
125.1213 1 369.6335 123.1301 0.07809925 359.7972 10 0 1
125.1213 1 369.6335 123.4204 0.07809925 359.8322 10 0 2
125.1213 1 369.6335 121.8009 0.07809925 360.2401 10 0 1
125.1213 1 369.6335 126.1942 0.07809925 359.7703 10 0 2
120.5246 1 364.5199 130.5252 0.07809925 365.4397 10 0 1
255.9181 1.116076 229.53 132.5 0.07809973 368.56 10 0 1
254.1733 -3.333428 212.4993 136.5343 0.09246588 377.3955 10 0 5
254.1701 -3.333428 212.4192 136.5267 0.09238911 377.3685 10 0 1
253.7703 -6.864516 200.1868 137.7928 0.09252214 375.8319 10 0 5
253.8127 -6.853842 200.0103 137.8123 0.09260225 375.8457 10 0 1
255.9181 1.116076 229.53 132.5 0.07809973 368.56 10 0 1
254.039 -1.769276 216.9066 128.4356 0.07809925 364.7056 10 0 5
254.0332 -1.769276 216.8277 128.4195 0.07809925 364.6831 10 0 1
255.9181 1.116076 229.53 132.5 0.07809973 368.56 10 0 1
255.9181 1.116076 229.53 132.5 0.07809973 368.56 10 0 1
251.373 1 248.2844 171.2757 0.07809925 380.468 9.599998 0 5
251.2551 1 248.2085 171.3026 0.07809925 380.4731 9.599998 0 1
250.1203 1 236.1011 186.3899 0.1792579 382.226 9.499998 0 5
250.794 1 235.8737 186.5629 0.1850939 382.2246 9.499998 0 1
255.9148 1 239.2417 192.8645 0.4678993 380.6446 9.499998 0 5
255.7916 1 239.384 192.8913 0.4690375 380.6332 9.499998 0 1
253.046 1 242.2547 195.6376 0.7136559 378.1967 9.499998 0 5
253.2227 1 242.2513 195.654 0.7147222 378.1784 9.499998 0 1
258.1364 1 236.0903 198.7137 0.7088041 371.1249 9.499998 0 5
258.526 1 236.4829 198.7081 0.7133389 370.967 9.499998 0 1
259.9504 1 243.7657 201.6788 0.117228 323.6043 9.499998 0 5
260.0357 1 243.7509 201.6803 0.1173096 323.574 9.499998 0 1
255.9181 1.116076 229.53 132.5 0.07809973 368.56 10 0 1
255.599 1 230.0442 133.0343 0.07809925 371.7398 3 0 4
255.599 1 230.0442 133.0239 0.07809925 371.8502 3 0 1
255.9181 1.116076 229.53 132.5 0.07809973 368.56 10 0 1
255.4319 1 230.787 128.7296 0.07809925 369.542 3 0 4
255.4319 1 230.787 128.5919 0.07809925 369.554 3 0 1
253.6875 1 230.7959 122.0893 0.07809925 368.9587 2 0 5
252.7645 1 230.9899 121.9298 0.07809925 368.8034 2 0 1
248.5861 1 236.3564 122.3134 0.07809925 364.3213 2 0 5
248.481 1 236.1773 122.3387 0.07809925 364.2985 2 0 1
246.8958 1 231.0737 121.6606 0.07809925 364.8887 2 0 5
246.621 1 231.374 121.5811 0.07809925 364.9593 2 0 1
245.0829 1 236.9656 119.886 0.07809925 366.3638 2 0 5
245.1203 1 237.0361 119.8682 0.07809925 366.375 2 0 1
249.0581 1 244.276 123.0706 0.07809925 369.8749 2 0 5
248.9798 1 244.2786 123.0517 0.07809925 369.881 2 0 1
244.2971 1 241.8163 121.5496 0.07809925 370.0614 2 0 5
244.3015 1 241.9486 121.5695 0.07809925 370.0507 2 0 1
247.7856 1 250.2341 125.1135 0.07809925 365.9711 2 0 5
247.7093 1 250.2428 125.097 0.07809925 365.9498 2 0 1
247.6161 1 251.1525 125.3356 0.07809925 360.8122 2 0 5
247.7 1 251.1512 125.337 0.07809925 360.8205 2 0 1
254.593 1 249.8445 122.0571 0.07809925 359.4951 1 0 5
254.5613 1 249.9155 122.0307 0.07809925 359.4888 1 0 1
255.9181 1.116076 229.53 132.5 0.07809973 368.56 10 0 1
259.7704 1 230.3986 129.4977 0.07809925 368.2389 10 0 5
259.7949 1 230.6064 129.5052 0.07809925 368.2824 10 0 1
259.447 1 235.5242 129.5196 0.07809925 367.1039 10 0 5
259.3804 1 235.5549 129.5112 0.07809925 367.093 10 0 1
253.8181 1 236.1644 120.9447 0.07809925 363.6321 9 0 5
253.7809 1 236.1015 120.959 0.07809925 363.6533 9 0 1
251.8151 1 232.4998 117.7679 0.07809925 364.1226 8 0 5
251.7113 1 232.6744 117.7504 0.07809925 364.1232 8 0 1
249.2821 1 236.5571 121.0814 0.07809925 369.42 8 0 5
249.1871 1 236.4032 121.0981 0.07809925 369.4402 8 0 1
248.3291 1 241.7408 125.4266 0.07809925 373.0832 4 0 5
248.2585 1 241.7542 125.4162 0.07809925 373.1037 4 0 1
243.6686 1 242.2983 127.1315 0.07809925 373.5149 4 0 5
243.9024 1 242.4657 127.0941 0.07809925 373.423 4 0 1
255.9181 1.116076 229.53 132.5 0.07809973 368.56 10 0 1
255.9181 1.116076 229.53 132.5 0.07809973 368.56 10 0 1
250.1193 1 236.0807 136.693 0.09170246 376.8284 6 0 5
250.0793 1 236.0129 136.6944 0.09170628 376.8285 6 0 1
246.2916 1 234.1151 141.4574 0.09692097 377.1696 5 0 5
246.2828 1 234.2919 141.4825 0.09696531 377.1726 5 0 1
248.5162 0.999041 236.409 149.2884 0.07809925 378.1122 5 0 5
248.4403 0.9989638 236.4543 149.3125 0.07809925 378.1151 5 0 1
245.5951 1 235.8703 156.2482 0.07809925 378.95 5 0 5
245.8755 1 235.4822 156.3451 0.08000565 378.9616 5 0 1
257.5735 1.001425 238.6428 182.8683 0.07814264 382.1574 3 0 4
257.5735 1.001425 238.6428 182.8935 0.07814121 382.1604 3 0 1
255.9181 1.116076 229.53 132.5 0.07809973 368.56 10 0 1
255.9181 1.116076 229.53 132.5 0.07809973 368.56 10 0 1
255.9181 1.116076 229.53 132.5 0.07809973 368.56 10 0 1
253.7575 1.02691 235.1669 129.3578 0.1068687 393.384 3 0 4
253.7575 1.02691 235.1669 129.3755 0.1069589 393.4048 3 0 1
255.9181 1.116076 229.53 132.5 0.07809973 368.56 10 0 1
255.8914 1 231.0979 124.9535 0.08579159 388.8299 3 0 4
255.8914 1 231.0979 124.9394 0.0857873 388.8454 3 0 1
258.7859 1 234.1335 121.3137 0.08509493 393.0957 3 0 5
258.7311 1 234.2324 121.3243 0.08512354 393.0961 3 0 1
255.174 1 237.8934 121.8509 0.08655596 393.1182 3 0 5
255.2449 1 237.9078 121.8509 0.08655596 393.1182 3 0 1
259.7579 1 238.9508 121.8509 0.08655596 393.1182 3 0 5
259.6885 1 238.9937 121.8509 0.08655596 393.1182 3 0 1
255.2414 1 241.4324 121.8509 0.08655596 393.1182 3 0 5
255.3133 1 241.4418 121.8509 0.08655596 393.1182 3 0 1
253.7524 0.99947 256.2312 121.8509 0.08655596 393.1182 3 0 5
253.5681 0.9994868 256.3486 121.8509 0.08655596 393.1182 3 0 1
253.7524 0.9987096 257.3611 121.8509 0.08655596 393.1182 3 0 5
253.5365 0.9987095 258.0566 121.8509 0.08655596 393.1182 3 0 1
253.1061 1.050532 259.1277 121.8509 0.08655596 393.1182 3 0 5
252.9291 1.050531 259.8821 121.8509 0.08655596 393.1182 3 0 1
250.5863 0.9999859 260.9147 121.8509 0.08655596 393.1182 3 0 5
250.5991 0.9999859 260.8432 121.8509 0.08655596 393.1182 3 0 1
250.471 0.9983052 258.4306 121.8509 0.08655596 393.1182 3 0 5
250.4884 0.9983427 258.3589 121.8509 0.08655596 393.1182 3 0 1
250.471 0.9986924 256.0955 121.8509 0.08655596 393.1182 3 0 5
250.4918 0.9986924 256.023 121.8509 0.08655596 393.1182 3 0 1
252.3343 1 254.9806 121.8509 0.08655596 393.1182 2 0 5
252.3183 0.9999997 255.7924 121.8509 0.08655596 393.1182 2 0 1
252.571 0.9999933 256.871 121.8509 0.08655596 393.1182 2 0 5
252.5551 0.9999928 257.2225 121.8509 0.08655596 393.1182 2 0 1
252.571 0.9999865 259.118 121.8509 0.08655596 393.1182 2 0 5
252.5338 0.9999864 259.4912 121.8509 0.08655596 393.1182 2 0 1
250.7452 1 261.0439 121.8509 0.08655596 393.1182 2 0 5
250.757 1 260.971 121.8509 0.08655596 393.1182 2 0 1
250.471 0.9989552 258.6714 121.8509 0.08655596 393.1182 2 0 5
250.4823 0.9984343 258.5947 121.8509 0.08655596 393.1182 2 0 1
250.471 0.998722 256.1207 121.8509 0.08655596 393.1182 2 0 5
250.4832 0.998722 256.0455 121.8509 0.08655596 393.1182 2 0 1
254.9833 1 244.3209 121.8509 0.08655596 393.1182 2 0 5
255.0258 1 245.1643 121.8509 0.08655596 393.1182 2 0 1
255.9181 1.116076 229.53 132.5 0.07809973 368.56 10 0 1
258.496 1.013404 242.6137 125.903 0.07809925 366.2038 3 0 4
258.496 1.013404 242.6137 125.8826 0.07809925 366.2182 3 0 1
256.5357 1 239.2229 123.7162 0.07809925 364.6047 3 0 5
256.7823 1 238.9637 123.7349 0.07809925 364.5208 3 0 1
255.9181 1.116076 229.53 132.5 0.07809973 368.56 10 0 1
251.7122 0.9999998 255.0958 120.7424 0.07809925 359.5533 6 0 5
251.6832 0.9999995 255.733 120.6691 0.07809925 359.3422 6 0 1
251.588 1.01449 255.0953 119.3296 0.07809925 356.6452 6 0 5
251.5485 1.014489 255.465 119.2092 0.07809925 356.5968 6 0 1
251.4104 1.014475 255.0953 116.5264 0.07809925 355.5573 6 0 5
251.3908 1.014474 255.7201 116.3709 0.07809925 355.5394 6 0 1
255.3297 1.251132 257.8589 116.8906 0.07809925 361.131 5 0 5
255.2197 1.251132 258.3499 116.9259 0.07809925 361.1164 5 0 1
254.6792 1.036941 257.8406 119.8112 0.07809925 358.5812 4 0 5
254.2623 1.037059 258.2124 119.7648 0.07809925 358.6327 4 0 1
253.7524 1.048442 259.1539 116.9688 0.07809925 361.4581 4 0 5
253.6096 1.048442 259.8088 116.8124 0.07809925 361.6156 4 0 1
168.5667 1.408631 340.2486 111.1321 0.07809925 355.6428 3 0 4
168.6346 1.401777 340.1497 111.0784 0.07809925 355.6041 3 0 1
255.9181 1.116076 229.53 132.5 0.07809973 368.56 10 0 1
255.9181 1.116076 229.53 132.5 0.07809973 368.56 10 0 1
255.9181 1.116076 229.53 132.5 0.07809973 368.56 10 0 1
249.5669 1 233.9564 133.885 0.08133936 375.4044 8 0 5
249.5834 1 234.6964 133.7183 0.08074713 375.3308 8 0 1
251.7022 1.007786 247.0811 130.5379 0.07809925 375.018 3 0 4
251.7588 1.000021 246.9015 130.7765 0.07809925 375.1262 3 0 1
255.9181 1.116076 229.53 132.5 0.07809973 368.56 10 0 1
255.9181 1.116076 229.53 132.5 0.07809973 368.56 10 0 1
263.877 1 235.9913 125.8195 0.07809925 379.1454 9 0 5
263.7983 1 235.5477 125.7815 0.07809925 379.2189 9 0 1
255.9181 1.116076 229.53 132.5 0.07809973 368.56 10 0 1
253.4134 1 236.5025 120.0062 0.07809925 363.6271 7 0 5
253.4449 1 236.8546 120.0361 0.07809925 363.6013 7 0 1
250.2396 1 245.4357 114.5708 0.09642792 358.9174 7 0 5
249.3863 1 245.0633 114.6178 0.09672213 359.1221 7 0 1
245.1168 1 246.6675 115.3068 0.08621073 362.0522 7 0 5
245.3934 1 247.4922 115.3656 0.08488178 362.1694 7 0 1
247.8871 1.007799 251.1168 113.5688 0.125555 368.8558 3 0 4
247.8656 1.007117 251.0516 113.6027 0.1247883 368.8832 3 0 1
255.9181 1.116076 229.53 132.5 0.07809973 368.56 10 0 1
255.9181 1.116076 229.53 132.5 0.07809973 368.56 10 0 1
255.9181 1.116076 229.53 132.5 0.07809973 368.56 10 0 1
255.9181 1.116076 229.53 132.5 0.07809973 368.56 10 0 1
254.1157 1.193223 257.8406 142.3115 0.07809925 373.9044 9 0 5
253.9944 1.193222 258.5016 142.5411 0.07809925 373.9556 9 0 1
253.7524 1.202877 257.8411 148.0272 0.07809925 375.1788 9 0 5
253.656 1.202876 258.2009 148.1544 0.07809925 375.2072 9 0 1
253.7524 1.243456 259.5745 150.9783 0.07809925 375.8368 8 0 5
253.5719 1.243455 260.3095 151.2369 0.07809925 375.8945 8 0 1
243.7043 1 277.0774 158.6567 0.07809925 377.5486 8 0 5
242.9835 1.000913 278.0709 158.6567 0.07809925 377.5486 8 0 1
168.91 0.9981253 333.2007 132.5 0.07809973 368.56 10 0 1
168.91 0.9981253 333.2007 132.5 0.07809973 368.56 10 0 1
168.91 0.9981253 333.2007 132.5 0.07809973 368.56 10 0 1
168.91 0.9981253 333.2007 132.5 0.07809973 368.56 10 0 1
168.91 0.9981253 333.2007 132.5 0.07809973 368.56 10 0 1
168.91 0.9981253 333.2007 132.5 0.07809973 368.56 10 0 1
168.91 0.9981253 333.2007 132.5 0.07809973 368.56 10 0 1
168.91 0.9981253 333.2007 132.5 0.07809973 368.56 10 0 1
168.91 0.9981253 333.2007 132.5 0.07809973 368.56 10 0 1
168.91 0.9981253 333.2007 132.5 0.07809973 368.56 10 0 1
168.91 0.9981253 333.2007 132.5 0.07809973 368.56 10 0 1
168.91 0.9867023 333.2007 132.5 0.07809973 368.56 10 0 1
